4,20.0,32.05,80.28,50.65,80.59,28.46,42.35
4,48.21,54.95,69.42,65.23,82.33,76.52,11.16
0,41.28,27.48,17.46,61.46,50.61,58.15,88.38
2,31.52,69.0,20.13,24.84,57.27,40.01,47.95
5,39.26,87.33,34.5,2.44,33.16,0.61,48.52
3,74.49,59.92,93.47,26.88,12.98,59.37,81.41
3,14.66,63.7,36.55,92.94,29.69,36.43,71.77
0,25.34,42.81,35.94,16.18,66.15,79.99,67.84
3,58.25,77.96,73.95,50.05,59.4,88.85,18.23
1,13.78,5.93,75.58,97.61,27.94,72.78,68.58
3,13.52,29.45,29.93,74.51,62.34,76.88,80.83
1,10.44,45.82,19.43,78.5,57.53,31.3,14.21
0,38.17,89.09,55.79,24.37,87.44,71.16,71.01
1,60.02,59.98,34.39,25.29,31.86,34.41,41.93
3,47.18,50.72,8.27,99.34,92.95,17.49,23.12
4,98.03,12.19,8.38,65.44,96.19,25.51,26.16
3,93.5,99.24,13.24,86.13,43.64,76.64,73.41
3,92.4,9.63,56.87,87.04,36.56,14.54,49.14
1,7.84,37.75,50.0,97.64,76.7,73.25,19.67
3,95.82,40.73,67.78,91.51,24.24,56.93,47.89
4,19.74,16.84,1.54,10.44,70.21,61.34,28.61
2,32.84,14.99,75.18,43.87,92.98,61.09,88.11
4,28.99,82.14,17.55,56.46,29.42,41.66,68.22
5,87.29,8.94,70.82,36.78,75.67,37.82,32.32
5,11.74,54.37,2.97,45.24,38.11,42.46,73.23
2,55.57,30.36,88.86,21.97,49.7,88.14,24.86
4,67.3,20.34,36.63,76.64,80.17,10.23,2.58
1,22.14,26.76,7.99,0.59,56.61,46.54,59.35
5,2.73,9.7,48.66,85.29,78.68,46.0,86.8
0,78.63,49.8,91.6,30.83,7.87,4.46,37.71
0,29.42,98.36,15.71,36.98,94.76,13.55,20.61
2,69.07,6.19,60.27,65.8,26.22,89.11,30.16
4,95.83,28.05,46.77,31.5,29.61,25.64,4.24
1,24.51,44.39,63.79,7.42,73.62,18.08,80.81
3,21.62,27.39,94.53,82.33,96.27,66.45,42.03
5,34.62,96.16,76.69,39.58,39.39,79.84,74.38
0,43.17,23.14,76.68,65.45,0.73,99.12,16.66
1,68.18,52.29,59.11,90.78,73.7,96.97,85.92
2,16.84,98.54,0.86,57.16,81.75,62.72,28.7
2,68.46,45.93,86.14,92.57,30.28,29.66,47.35
1,12.08,50.69,32.03,47.38,10.14,40.06,36.89
5,31.1,25.58,9.8,47.99,68.92,35.77,67.75
5,59.02,10.32,16.63,76.12,39.23,74.55,36.56
2,73.56,25.2,77.62,95.79,95.94,37.28,67.78
3,79.45,33.63,66.79,8.3,57.93,89.61,55.16
0,57.57,55.22,52.47,92.23,50.59,70.19,36.15
3,78.69,90.69,93.41,24.12,28.83,69.07,58.99
2,84.67,12.22,84.82,76.23,64.75,40.48,36.01
5,4.61,44.01,70.4,22.07,15.51,97.68,9.24
4,9.54,20.61,10.12,3.79,20.34,9.93,54.67
1,17.36,33.89,24.71,7.95,80.72,46.45,76.19
1,66.69,54.78,69.64,53.13,11.93,37.05,71.25
4,79.63,90.0,9.62,1.63,27.56,94.87,44.44
2,75.79,21.85,57.94,13.29,59.4,63.32,17.12
1,76.29,53.1,19.76,26.17,6.33,18.5,46.58
5,40.84,18.04,32.29,99.73,74.23,87.32,5.31
4,16.7,46.34,7.29,25.55,81.24,79.49,66.74
1,72.28,75.76,21.85,54.63,9.91,61.35,79.51
0,0.71,43.35,43.08,87.24,28.62,75.75,88.49
5,63.33,91.56,28.11,49.1,23.33,92.72,88.85
5,32.89,3.16,88.26,63.35,59.23,52.84,64.08
4,80.69,62.66,23.49,11.99,96.81,3.65,89.82
0,4.6,12.74,37.05,57.11,85.37,17.34,30.98
5,92.44,2.12,32.79,92.03,85.36,41.52,4.8
2,21.99,68.82,0.08,52.16,61.64,50.29,50.74
5,75.25,6.13,52.66,14.07,56.92,65.83,81.42
2,26.18,40.9,64.87,68.59,83.83,30.87,46.28
2,4.84,59.94,28.6,36.36,13.78,75.71,54.29
3,54.21,67.39,25.7,7.81,8.7,34.79,58.15
5,46.81,5.49,76.34,55.56,10.24,53.01,38.37
3,68.56,41.63,42.89,96.9,50.03,71.03,11.69
1,61.9,34.2,61.14,85.47,21.48,46.65,31.39
0,98.59,57.17,4.97,37.56,32.51,22.34,85.19
2,66.49,24.66,2.67,80.14,17.4,33.93,71.79
1,56.27,90.52,88.61,75.35,0.96,65.61,52.76
2,32.69,67.23,3.9,59.08,18.18,30.19,65.14
2,1.66,74.85,21.92,74.76,32.77,91.93,36.72
0,3.37,67.11,28.41,21.11,81.46,90.32,9.73
5,46.84,38.33,77.48,29.46,92.24,38.09,49.5
5,39.52,38.37,11.21,31.06,42.03,6.67,63.64
3,13.62,52.15,86.54,32.45,48.34,44.99,69.64
2,34.94,69.33,69.33,93.67,70.97,62.53,32.72
2,52.1,38.64,22.17,12.99,59.23,55.36,20.26
1,86.71,7.54,15.64,31.92,45.88,94.44,26.21
2,45.32,61.57,56.63,12.44,25.07,26.11,8.77
4,55.31,2.54,23.7,30.99,83.03,24.62,15.29
1,19.87,23.91,57.49,26.29,73.98,12.13,5.81
1,13.25,57.09,21.61,59.61,20.79,93.6,74.37
2,6.09,80.88,60.24,63.25,96.24,41.63,38.17
5,10.42,86.21,53.37,97.93,51.76,51.9,73.24
1,6.38,36.98,53.85,12.57,26.29,3.09,32.96
4,49.91,50.73,63.05,95.7,79.86,76.86,28.34
5,24.22,87.66,41.24,2.98,70.95,78.0,44.11
2,57.31,99.94,49.32,63.65,99.8,73.65,4.98
3,5.22,38.99,72.25,53.12,72.97,89.64,58.41
5,7.85,42.42,63.33,98.66,72.73,94.99,35.02
0,32.15,9.59,20.35,7.89,22.5,55.32,16.23
1,47.53,59.61,59.32,19.17,0.37,37.96,84.58
0,80.09,36.47,99.38,79.6,22.03,87.31,7.57
0,95.57,30.76,28.18,79.06,71.4,8.35,9.18
3,32.82,76.3,9.59,64.61,11.81,30.55,12.22
1,56.85,33.25,48.66,95.48,31.9,34.92,51.08
2,24.97,82.32,91.48,59.63,86.92,48.94,77.05
0,54.99,96.63,34.48,82.77,29.56,38.63,17.69
4,79.8,28.6,86.37,29.04,84.3,22.9,36.93
4,63.96,67.53,27.83,87.92,7.97,90.05,20.8
5,85.84,74.7,77.6,82.55,98.08,99.5,4.72
3,47.4,54.54,74.2,71.63,88.78,31.13,7.0
0,81.04,45.87,46.16,90.69,45.65,65.64,12.62
2,42.4,53.54,94.08,44.84,45.82,97.62,36.44
0,47.02,58.53,58.9,52.69,72.94,38.97,0.6
4,84.26,99.52,12.67,18.89,99.02,94.08,19.55
3,58.46,50.72,49.11,54.79,39.6,31.71,17.12
5,73.59,82.01,13.52,68.67,14.7,87.69,2.22
0,0.03,10.75,75.28,81.78,42.6,35.47,9.02
0,26.74,57.09,29.49,85.6,25.8,39.04,69.2
3,3.96,89.26,50.76,75.36,32.18,95.37,68.57
2,70.01,20.45,92.78,9.18,2.2,62.85,2.21
1,30.97,14.09,74.4,10.72,17.88,41.05,52.91
5,19.44,24.65,8.28,38.92,93.93,92.29,8.42
3,25.9,10.87,96.65,60.7,70.29,14.46,34.72
2,92.53,53.67,14.27,47.38,4.45,32.3,55.48
0,31.91,15.81,56.24,45.22,29.82,97.22,80.54
5,38.59,16.47,12.65,59.21,0.74,62.23,45.27
3,36.81,85.99,92.11,3.48,90.34,21.03,12.17
4,31.04,78.78,40.63,74.05,43.74,23.64,54.65
4,69.14,56.08,57.38,72.56,81.36,5.15,38.75
2,78.98,85.38,55.58,70.38,11.09,73.3,68.03
2,28.6,17.91,65.98,90.59,51.04,21.39,47.59
4,49.65,51.49,84.09,3.54,99.84,91.3,75.83
3,13.19,2.3,39.49,38.8,44.27,74.39,32.22
4,58.18,61.35,92.37,5.14,58.59,55.36,47.82
3,18.93,76.77,89.33,11.36,72.05,30.05,25.86
4,33.15,16.76,10.73,87.6,73.83,6.87,29.9
2,25.84,64.27,46.73,28.0,21.56,23.25,43.67
1,22.1,21.87,58.55,7.38,51.6,62.7,46.64
2,30.85,43.56,49.07,72.94,36.95,62.72,6.36
1,62.31,34.31,59.79,66.83,18.46,35.4,38.74
2,19.31,67.08,61.27,59.77,76.87,65.6,14.65
3,47.95,87.84,65.13,43.98,97.59,31.06,69.82
0,8.12,89.19,24.46,63.01,53.69,74.92,15.94
4,14.9,17.15,2.73,16.47,7.2,98.97,78.53
5,76.48,93.89,64.29,18.07,57.1,79.62,36.38
3,56.01,85.29,75.36,63.62,82.39,75.93,39.24
2,2.86,90.75,25.37,88.32,23.09,53.58,88.88
0,55.55,71.72,83.85,93.75,31.79,39.96,53.2
4,35.47,20.17,78.85,31.48,97.15,9.37,25.95
4,55.36,80.03,69.83,13.08,95.85,67.91,8.58
5,87.84,57.94,26.76,7.37,13.55,22.84,88.02
0,30.57,13.49,14.85,50.05,35.84,6.79,22.99
0,82.01,13.45,12.48,61.94,4.99,46.5,35.63
1,10.65,92.41,22.8,0.58,78.28,87.58,59.88
0,49.67,65.8,72.56,48.69,23.74,50.14,20.05
0,2.33,34.61,11.51,53.45,61.74,19.01,85.0
3,0.58,96.03,39.29,43.56,38.88,30.66,45.46
1,96.19,26.8,97.47,87.75,79.16,65.9,81.67
2,93.24,27.44,21.45,33.82,10.07,85.54,63.2
4,48.4,89.55,28.82,56.2,23.05,38.09,46.48
1,8.62,6.77,72.91,30.87,57.26,84.98,16.94
2,14.34,48.49,92.38,38.88,18.79,29.54,40.81
0,34.52,4.02,81.26,88.15,47.22,68.06,42.01
4,10.16,6.2,60.76,19.43,47.81,31.94,27.89
4,50.65,64.05,97.41,9.97,73.27,73.25,10.26
0,46.95,73.89,23.84,9.72,82.78,9.45,37.93
5,35.52,56.2,19.86,29.96,48.46,98.86,62.65
3,2.06,64.72,97.08,58.74,96.4,34.78,25.48
1,39.39,86.13,50.02,64.72,64.93,13.52,74.46
0,61.73,43.65,25.04,67.24,3.43,95.15,45.33
2,77.82,26.85,58.41,26.31,4.97,40.98,11.24
2,34.7,97.56,88.3,79.6,58.13,11.21,8.22
3,28.19,51.24,80.73,38.16,51.58,73.75,4.59
3,48.49,83.7,13.43,19.55,82.4,63.87,88.02
5,4.76,13.8,33.27,40.95,24.14,36.09,11.73
2,53.35,62.28,55.61,51.16,10.37,61.9,16.76
0,90.36,47.22,27.36,21.63,20.2,53.35,9.49
0,6.6,1.47,78.56,14.17,13.17,76.25,27.49
4,52.79,83.24,19.99,34.35,90.34,84.3,60.15
4,40.85,87.36,3.44,34.91,31.27,13.38,62.65
5,95.63,33.74,39.84,13.47,58.87,97.18,74.2
5,4.59,62.98,79.72,64.27,67.08,23.39,3.09
4,14.26,36.56,5.75,40.73,72.27,17.07,79.63
1,23.1,30.32,14.59,63.54,50.95,64.59,10.76
5,1.77,40.9,3.39,33.71,81.85,55.08,26.97
1,94.45,4.12,27.53,52.79,22.48,55.15,36.87
0,61.92,71.23,15.94,47.52,10.95,80.04,82.69
0,46.1,5.44,43.31,81.58,67.19,75.17,45.64
0,67.29,8.99,92.67,5.12,98.41,65.04,54.89
3,45.43,93.39,2.45,23.59,73.28,20.4,75.14
0,30.51,60.75,16.93,28.62,87.21,78.94,37.63
4,33.63,83.37,50.71,94.43,2.38,83.08,55.92
3,23.17,89.91,98.67,85.11,78.98,61.42,28.11
4,84.62,37.48,64.38,68.4,53.77,81.08,84.39
3,8.85,83.54,92.6,41.66,45.07,1.14,13.87
0,9.57,27.6,53.56,85.81,60.03,66.05,2.68
3,51.56,19.93,84.35,20.63,26.96,40.25,84.52
4,71.08,42.65,53.47,56.08,89.77,20.51,75.58
1,7.01,6.87,14.25,28.48,47.26,93.78,57.35
1,12.84,19.56,69.79,45.52,66.72,17.22,38.58
5,66.92,98.27,67.6,32.97,32.58,5.04,32.24
2,56.67,52.38,24.78,15.23,29.79,14.55,66.49
0,98.56,88.05,29.03,49.49,11.37,99.35,15.7
0,22.14,33.58,20.32,15.84,37.14,40.59,45.58
2,97.33,39.22,31.63,14.9,59.61,63.0,7.92
0,50.28,37.21,7.82,77.42,35.31,30.05,86.58
1,25.34,19.17,44.95,24.43,78.83,90.0,61.14
1,40.08,36.9,3.32,98.08,49.63,51.09,20.67
2,50.78,18.44,42.31,72.44,13.52,88.69,40.49
2,8.88,23.75,35.38,26.41,15.95,46.67,52.99
0,97.19,18.05,86.14,57.01,2.11,30.05,25.83
2,72.86,6.88,92.74,19.54,16.78,1.38,62.53
3,68.2,86.56,73.97,44.32,25.02,15.88,30.84
1,9.14,33.22,35.48,88.61,89.57,19.96,23.99
5,12.95,34.49,16.61,17.46,27.75,76.23,15.28
3,42.27,46.28,22.38,20.09,13.46,13.06,24.22
2,13.93,39.5,46.26,10.54,63.74,61.66,56.7
2,42.66,13.62,45.5,98.33,8.25,11.9,43.32
2,41.87,86.02,32.35,61.58,13.81,13.99,57.55
2,9.03,89.67,77.96,80.98,2.97,15.45,35.88
4,62.36,10.75,93.42,6.64,62.73,62.36,50.26
1,64.41,21.89,95.71,0.11,3.62,70.23,80.29
3,43.16,88.12,74.29,92.64,14.3,5.69,23.44
4,14.18,69.98,65.59,63.25,23.46,15.32,4.81
4,81.27,97.41,67.48,43.14,1.5,59.9,32.33
2,88.59,69.12,44.14,3.84,94.84,81.55,68.19
3,23.88,57.72,89.5,49.37,31.9,18.68,27.68
5,50.84,87.36,60.61,72.58,7.49,30.59,89.39
1,95.37,20.97,65.81,26.92,42.69,57.16,42.98
4,8.43,6.95,3.97,84.29,76.94,91.21,32.98
3,99.99,47.15,74.15,59.5,83.83,24.77,58.18
4,76.56,56.68,58.8,75.69,99.28,6.41,5.93
0,78.76,3.43,18.78,32.17,39.44,27.03,64.32
0,11.78,11.9,66.16,34.91,18.16,95.97,15.07
3,75.14,5.48,69.89,16.2,83.14,5.85,51.89
5,79.72,56.1,37.09,18.45,91.52,51.54,67.9
5,16.69,5.4,61.67,70.95,95.44,16.43,8.14
0,9.96,26.58,43.71,42.02,58.93,83.37,22.55
3,56.09,92.03,89.55,47.1,20.42,40.33,50.66
1,91.75,91.32,41.47,36.48,51.08,40.67,12.01
5,38.78,72.69,32.89,81.06,67.19,34.39,69.71
2,85.29,18.94,5.55,7.41,6.54,24.88,18.12
5,69.98,10.41,97.9,20.58,47.72,63.94,18.22
3,95.2,58.91,6.41,76.67,46.6,24.48,73.93
3,4.18,52.44,58.35,39.6,76.64,30.67,4.88
4,76.15,33.73,68.16,66.22,71.42,35.99,30.61
5,68.52,22.68,63.67,44.45,65.18,47.33,14.82
1,30.18,16.22,85.51,58.58,62.98,8.29,47.37
0,83.53,12.07,50.61,30.71,25.04,6.02,4.65
1,15.47,78.83,44.38,91.26,25.53,67.56,69.86
3,69.7,50.32,38.32,20.0,17.25,71.57,51.9
5,99.19,54.5,54.76,69.09,5.51,31.65,50.88
1,52.87,41.91,76.56,21.3,95.42,51.06,22.13
5,75.63,32.31,1.39,24.09,19.83,90.35,68.46
4,10.03,17.63,90.99,53.77,80.16,49.77,72.2
0,7.13,86.89,31.48,25.01,75.29,11.14,80.84
1,57.56,34.44,68.0,83.71,79.95,20.98,87.7
0,17.35,68.97,17.47,8.43,19.88,10.88,35.09
5,57.04,76.04,22.97,28.46,17.58,8.56,75.47
1,68.48,27.66,55.23,7.92,42.11,76.1,43.93
0,65.44,31.2,2.91,89.45,15.52,79.16,45.87
3,56.64,15.43,54.51,45.82,25.8,32.38,53.13
1,62.1,82.75,26.91,38.66,30.39,62.61,23.31
3,0.9,95.58,10.49,15.04,75.01,53.26,10.27
0,12.46,7.01,69.44,74.76,48.66,61.03,34.08
0,2.2,88.36,32.52,89.72,80.78,0.39,25.1
4,88.13,50.19,47.71,11.08,97.63,73.0,17.21
2,86.82,98.17,84.87,11.76,81.35,60.17,18.49
4,46.15,85.27,41.52,37.22,29.72,90.16,78.61
2,66.88,98.29,27.05,92.59,29.9,33.29,84.16
4,49.19,76.31,74.56,33.33,71.69,22.54,88.82
5,62.64,72.3,69.21,55.96,44.86,94.03,82.7
5,45.92,95.59,74.33,85.97,11.85,72.47,58.98
4,67.64,54.02,88.43,77.38,72.99,74.59,74.64
3,80.02,13.06,70.45,36.01,16.29,70.59,88.98
1,81.8,63.05,78.56,60.13,2.22,81.55,24.21
4,76.24,28.06,70.07,62.11,23.92,22.97,87.7
4,76.26,42.92,77.01,46.53,46.65,57.17,66.22
1,38.75,58.61,98.58,16.53,95.74,90.72,34.75
3,68.43,20.85,59.08,63.25,62.8,10.37,14.66
4,34.53,4.56,15.82,87.28,6.72,38.77,72.12
4,29.0,95.21,97.93,8.56,71.02,88.23,39.31
0,76.16,71.8,85.17,9.69,49.84,11.64,54.07
4,22.96,20.07,68.67,90.8,67.9,76.47,6.88
1,16.45,75.73,96.57,25.34,66.19,42.09,43.69
0,46.64,23.3,34.78,83.49,67.05,65.44,43.22
5,81.39,83.56,70.87,50.97,49.05,24.98,54.58
3,55.82,86.56,67.27,4.56,85.12,68.56,83.62
2,50.65,30.61,37.68,49.53,96.14,46.54,87.04
1,1.5,25.86,21.66,55.66,72.69,36.56,6.57
3,25.98,0.92,40.57,66.95,43.47,73.55,41.73
4,86.83,74.92,80.5,73.21,15.53,74.94,30.63
5,54.72,52.49,58.71,7.5,77.04,46.04,42.36
0,95.97,35.37,18.64,99.05,43.2,75.4,45.19
4,73.98,75.85,43.74,66.69,25.68,10.44,73.5
5,41.93,27.02,38.13,70.51,27.19,87.0,55.7
1,34.13,13.13,79.43,31.19,86.7,33.41,66.74
3,20.38,84.69,78.95,92.88,6.35,7.59,44.96
4,14.61,18.63,1.06,55.34,22.02,4.85,35.09
1,48.02,41.5,42.27,58.75,85.14,31.88,7.93
1,6.23,56.95,55.62,54.77,63.55,15.5,75.67
2,90.2,39.8,44.53,20.8,75.06,66.96,39.6
4,28.53,87.07,60.06,23.0,60.48,82.44,46.08
0,35.26,97.0,60.34,97.13,32.07,10.72,10.94
0,59.47,81.57,97.65,39.88,28.88,89.71,64.44
1,21.52,33.75,81.65,57.76,60.45,65.85,48.22
2,40.92,55.52,46.19,41.92,47.77,80.77,20.9
0,82.59,64.82,47.55,26.43,20.28,51.18,65.63
3,84.9,81.67,35.52,33.27,33.04,86.43,11.01
3,42.7,66.29,19.19,11.39,64.0,97.62,24.84
4,60.23,15.83,22.26,22.65,57.43,91.32,47.15
1,45.75,68.69,94.69,48.61,98.05,78.45,78.36
1,88.47,35.34,92.76,69.92,6.31,49.26,22.53
2,32.25,72.79,18.69,31.86,51.72,90.56,28.59
4,96.11,73.05,16.29,11.43,77.98,54.53,70.73
5,38.8,77.79,48.46,40.4,98.57,63.2,13.2
0,51.13,62.36,65.1,34.09,10.02,1.73,14.89
4,62.36,67.6,41.26,92.5,89.4,73.32,84.44
4,23.97,19.9,27.16,56.31,94.83,97.6,8.33
4,33.79,57.92,41.23,21.42,43.13,19.22,0.81
4,69.38,2.65,58.18,17.44,89.06,3.54,85.91
0,69.67,88.22,70.68,87.75,92.52,52.48,61.66
2,29.4,15.76,27.79,53.4,36.77,87.6,5.71
1,72.23,77.41,51.82,30.57,29.02,75.67,78.57
2,46.83,41.59,15.38,81.68,22.38,47.8,24.79
3,55.43,77.55,37.74,39.31,58.94,91.89,52.71
3,96.12,48.58,12.43,13.2,56.44,18.25,21.5
1,35.75,55.76,73.46,43.67,15.48,41.67,21.65
4,14.41,24.82,43.75,79.76,23.94,91.01,44.33
1,2.26,35.79,63.76,0.42,72.11,82.91,40.04
2,90.53,7.57,48.61,80.92,95.13,37.46,19.81
3,30.09,23.88,65.13,32.1,24.66,41.81,1.13
4,71.04,6.72,48.98,3.52,93.68,21.46,72.89
1,99.77,25.86,25.91,24.65,22.07,9.13,22.53
2,35.64,82.5,19.85,71.22,74.17,61.82,67.45
2,78.48,53.56,40.98,77.96,11.4,26.89,77.24
3,67.52,47.04,98.54,28.7,22.44,84.89,26.69
3,3.11,6.74,47.17,70.08,42.99,32.55,71.77
3,49.26,15.56,26.79,90.03,73.84,42.19,86.53
5,97.12,3.92,42.97,53.45,95.85,43.0,30.31
2,48.71,63.84,19.49,70.49,49.31,90.3,21.52
3,14.29,14.97,96.05,88.94,46.89,31.8,4.32
2,14.97,10.96,91.11,58.96,23.59,76.94,43.48
2,95.92,22.09,15.0,96.7,37.92,48.99,40.86
1,97.05,93.16,38.93,90.91,34.24,96.7,8.14
4,99.4,63.86,14.94,23.48,88.77,63.34,19.61
2,19.34,23.08,23.46,56.54,19.86,84.57,82.54
4,83.0,31.92,19.4,18.53,4.45,81.4,86.5
4,86.74,33.98,78.03,79.14,75.03,18.41,24.39
3,21.39,78.78,73.7,2.25,33.15,33.18,84.64
2,57.69,1.32,51.6,83.52,54.23,39.61,35.8
2,84.7,40.33,58.8,30.2,2.23,10.85,44.98
3,57.7,19.58,82.72,22.26,18.82,11.85,37.87
2,80.78,57.26,40.09,36.09,81.86,83.82,51.79
5,16.28,99.23,60.58,63.64,25.27,52.33,75.77
4,83.94,35.17,39.42,6.15,6.72,4.27,34.05
1,75.38,78.92,31.77,30.71,47.73,32.68,59.27
0,5.99,81.22,87.38,86.59,57.02,45.92,66.76
4,60.31,14.27,1.1,15.39,43.64,83.73,57.61
2,34.38,12.25,23.91,23.72,64.39,73.9,62.6
3,20.5,88.02,57.5,40.99,53.6,39.63,35.89
2,73.89,67.3,2.49,88.75,38.78,70.64,34.49
3,30.62,32.07,4.25,30.82,64.47,7.4,0.94
1,68.56,92.34,55.35,28.64,36.42,59.97,60.11
0,68.95,58.57,80.95,30.96,45.91,41.01,42.89
5,8.78,76.74,73.22,39.4,87.87,43.17,8.65
5,83.65,96.75,11.75,13.92,16.44,48.61,87.54
4,79.73,18.01,58.7,37.42,70.11,33.79,0.93
0,13.16,41.77,75.81,66.63,97.32,55.49,82.38
4,96.81,63.26,22.55,92.55,83.3,51.0,22.23
4,73.98,61.45,0.61,90.15,9.09,52.96,73.74
3,1.62,57.29,57.34,83.64,75.0,29.5,71.23
1,6.54,91.15,83.16,56.97,94.33,99.93,77.67
5,14.91,13.66,21.75,65.68,79.06,57.46,65.94
3,57.03,11.8,12.87,89.53,63.75,6.31,19.89
3,64.03,22.75,1.51,47.61,81.32,53.45,78.86
1,48.93,87.36,1.39,63.8,27.69,45.87,57.68
4,29.97,55.82,14.16,16.15,82.92,28.59,20.38
1,74.39,11.2,15.85,96.15,69.4,99.08,16.13
2,55.96,64.99,62.13,8.57,80.99,50.05,72.0
2,72.71,11.88,75.59,43.87,73.04,20.49,7.45
2,90.74,38.45,95.8,72.77,59.95,9.53,10.1
1,15.86,70.9,24.61,11.68,82.52,48.05,79.05
2,56.17,75.3,6.99,89.17,42.19,84.12,19.29
1,0.94,47.0,99.93,70.88,26.69,15.72,16.15
1,32.05,47.1,32.95,24.94,18.35,13.81,12.74
4,84.53,23.5,39.99,55.26,75.33,43.4,65.23
2,52.32,97.58,8.24,24.3,92.51,67.69,87.51
0,62.5,77.83,89.12,31.01,18.51,13.99,44.36
5,96.74,45.73,98.06,81.61,43.85,23.46,54.26
2,55.45,35.91,93.33,3.65,8.51,0.48,42.13
4,20.57,18.42,24.42,75.84,98.76,24.46,70.35
1,90.75,68.18,94.63,66.75,17.63,22.26,8.69
0,85.8,14.3,4.91,25.92,32.54,10.19,53.69
4,1.77,23.71,9.28,40.08,72.33,42.85,29.39
3,61.18,53.99,33.06,58.93,83.82,56.05,44.31
0,15.32,48.08,66.72,5.98,15.22,5.45,27.22
5,96.17,85.3,23.09,10.73,72.68,35.08,80.07
2,88.53,90.22,9.62,55.66,72.55,49.05,36.51
1,99.22,48.72,31.12,59.1,22.36,86.68,85.4
4,0.62,37.68,84.33,77.1,10.83,26.22,76.84
5,31.31,90.0,45.58,14.57,92.0,41.83,64.08
1,68.86,47.03,48.3,19.03,63.87,29.21,37.5
1,95.91,62.49,37.85,99.39,83.75,92.4,35.86
3,73.39,40.47,9.11,1.89,18.21,18.9,26.86
3,43.31,31.06,77.98,28.81,57.77,34.05,8.22
0,21.46,57.75,91.34,68.4,98.0,21.1,4.58
0,19.53,63.03,75.01,21.88,64.64,16.05,11.82
5,68.19,84.14,24.89,21.67,40.72,66.56,23.25
3,27.13,75.51,56.08,40.1,62.42,45.42,58.65
2,33.49,70.67,66.07,62.62,3.87,50.55,75.07
4,85.5,30.97,21.23,12.53,20.35,45.93,45.17
5,1.09,30.54,63.5,12.31,32.89,99.62,15.72
5,68.77,51.67,29.57,79.07,65.05,98.74,27.97
0,24.52,73.86,32.17,41.45,12.93,1.94,74.61
4,61.68,2.57,88.57,79.74,98.39,38.95,74.68
3,94.36,19.87,76.45,98.4,49.55,72.23,71.16
5,91.71,40.53,10.04,39.81,16.51,75.37,47.18
2,68.9,71.89,40.89,40.25,57.01,5.6,26.1
1,92.26,14.29,51.74,31.74,72.62,11.17,59.02
5,55.43,46.19,27.44,99.97,91.2,55.76,66.93
3,12.77,9.0,91.62,60.43,84.51,19.63,14.35
4,66.85,5.81,76.87,40.73,32.42,31.5,7.73
2,42.81,41.85,0.13,30.68,65.68,49.68,20.25
1,25.02,59.89,21.66,13.54,63.42,79.23,25.19
1,97.96,50.47,12.5,65.68,24.5,33.15,43.38
2,70.45,65.42,47.27,84.35,84.74,27.0,82.13
4,62.99,91.67,7.43,12.47,35.81,8.29,3.38
0,70.59,99.83,58.0,65.39,52.36,31.0,22.9
1,58.1,67.74,11.93,67.62,4.21,48.12,12.71
1,36.95,72.72,27.67,17.67,79.12,71.41,6.55
5,96.96,64.08,73.01,26.53,72.45,73.32,0.7
2,47.67,42.72,2.15,58.11,50.57,8.27,26.38
2,24.44,5.26,16.08,57.91,58.65,86.01,12.12
0,65.0,66.48,37.58,26.05,45.59,81.0,78.59
5,97.42,33.75,3.88,84.9,98.07,3.74,49.65
2,12.06,27.06,61.7,64.93,98.53,13.41,76.22
4,35.96,3.53,75.79,97.43,84.39,3.54,41.54
2,9.76,31.63,18.2,78.89,57.94,29.94,32.36
5,54.6,76.79,65.68,57.72,76.68,69.03,84.99
0,50.36,53.77,1.37,41.55,9.51,44.16,61.13
2,23.25,59.51,6.07,16.43,32.87,47.93,63.01
0,40.17,1.82,15.32,32.07,41.58,81.53,17.73
5,41.28,39.39,62.19,80.36,29.95,42.86,71.66
0,88.98,45.25,41.82,21.91,38.51,25.98,56.85
4,87.62,79.37,23.5,19.41,80.73,90.13,36.5
4,74.35,77.73,96.13,47.39,81.36,8.6,32.38
3,69.13,61.8,96.15,84.81,67.41,70.75,53.21
5,97.85,27.57,78.43,49.93,87.35,28.08,18.9
5,9.32,29.63,61.59,44.84,90.9,12.81,66.39
1,21.2,2.49,22.87,15.89,68.3,74.36,70.95
1,12.81,53.88,62.04,94.12,61.25,89.67,86.02
0,76.9,75.65,11.45,63.75,67.43,82.54,13.82
0,80.06,2.42,3.93,27.14,18.15,85.39,17.47
3,98.72,37.89,43.22,16.87,62.62,10.67,49.73
2,26.41,9.17,3.45,83.81,21.52,72.77,18.49
0,13.25,62.18,49.9,25.75,83.21,4.91,11.82
3,19.47,76.99,64.33,96.47,11.26,72.12,55.29
5,14.88,41.54,25.82,71.26,62.32,5.36,74.72
5,84.65,17.26,41.34,76.05,4.14,1.65,81.92
0,4.52,93.93,97.66,57.05,96.42,0.5,89.44
0,91.41,23.96,53.58,98.9,14.06,26.71,31.77
1,13.66,74.24,62.87,4.67,55.79,56.34,24.67
1,69.28,49.52,99.79,57.93,49.36,42.79,28.37
5,23.46,40.26,27.98,39.1,14.68,82.69,51.99
3,11.41,79.16,76.87,44.22,34.4,57.67,18.65
3,12.07,40.48,75.45,22.07,86.03,19.44,57.11
0,91.01,59.69,45.45,87.64,71.61,44.24,18.61
1,0.48,36.8,87.66,94.0,93.19,90.6,31.2
2,44.54,17.04,47.39,61.53,4.03,76.17,72.13
4,68.29,98.69,24.23,31.67,55.75,12.41,73.65
2,95.65,73.17,61.35,43.63,96.37,74.35,39.87
0,22.17,48.58,56.32,15.68,68.26,0.79,65.23
2,45.19,6.73,49.88,6.46,39.39,72.8,10.93
3,72.43,47.61,78.61,84.12,30.2,95.65,63.29
0,28.29,50.45,82.65,11.24,33.23,20.67,76.45
5,51.68,60.36,13.06,6.13,96.74,83.61,1.04
4,34.27,81.27,86.32,4.19,18.61,92.14,57.24
3,21.25,37.99,17.87,78.82,54.08,7.43,72.14
1,66.68,86.52,35.02,55.68,14.28,49.59,56.55
0,89.23,90.76,94.91,88.98,40.78,30.97,19.73
5,60.9,23.35,15.95,37.21,52.83,7.3,46.15
2,9.64,63.58,23.43,98.51,73.74,42.59,0.89
0,78.23,53.5,19.2,31.93,19.85,86.19,30.32
5,82.73,75.62,35.78,5.81,44.23,42.54,41.68
1,21.02,24.81,48.11,89.87,20.21,62.04,60.28
1,61.88,63.04,80.0,11.03,63.98,7.86,45.45
5,89.41,67.73,63.92,13.18,50.55,24.76,40.35
2,51.9,58.5,98.58,88.7,58.57,28.94,20.72
3,39.47,19.12,63.43,57.16,94.96,61.12,76.51
3,65.32,46.82,80.59,13.33,28.4,81.61,26.39
4,87.24,77.96,12.13,92.41,96.36,75.61,18.18
0,99.96,72.21,12.45,58.39,40.09,50.4,17.8
5,77.78,37.04,53.14,47.94,8.17,61.12,53.42
5,60.04,75.19,86.98,63.0,53.75,56.53,5.48
2,36.49,23.5,73.81,66.65,38.69,25.65,73.84
4,29.97,0.96,37.61,58.48,40.14,25.75,21.39
0,18.83,99.08,63.42,55.2,74.77,99.14,89.13
2,85.47,0.39,17.15,59.65,41.77,51.08,51.56
1,84.97,65.58,36.13,70.2,30.09,26.04,77.22
5,96.78,42.7,29.25,15.08,25.43,91.82,84.13
4,56.78,41.68,38.12,90.06,16.75,11.33,16.95
1,77.17,52.46,87.51,12.34,79.49,91.09,35.23
4,59.16,85.62,2.43,46.51,44.95,49.65,62.99
4,92.38,12.61,37.52,66.72,59.43,95.53,81.76
0,9.07,53.76,31.77,26.23,43.54,10.41,55.0
1,12.09,53.53,8.22,13.92,56.2,27.15,57.13
3,35.21,34.05,89.52,20.14,81.79,32.39,79.53
3,18.8,38.7,56.26,35.51,18.73,70.11,70.99
4,80.25,24.16,61.44,49.86,83.3,13.25,46.16
3,20.35,86.64,3.27,12.68,19.29,51.01,20.22
2,54.08,38.81,43.55,64.08,93.97,33.82,14.67
1,25.05,32.47,14.62,52.65,23.28,83.11,67.84
4,81.99,21.69,86.84,64.25,2.7,76.43,7.19
0,24.06,5.65,14.73,2.37,95.92,23.31,15.81
1,92.67,4.72,12.75,71.42,91.08,85.24,25.44
3,69.88,16.05,88.31,99.77,39.42,34.68,67.36
0,82.68,37.92,38.99,70.81,30.87,57.57,59.77
2,84.04,89.78,63.69,88.28,80.72,88.72,14.62
0,28.53,65.62,64.44,30.85,84.67,47.03,26.01
1,27.99,93.23,46.89,92.82,78.76,97.74,43.82
0,97.36,60.03,79.03,29.7,48.93,73.86,25.32
0,0.31,21.13,59.14,15.99,71.02,43.19,48.59
2,36.92,71.18,90.16,85.97,48.99,44.33,82.3
5,82.25,5.24,20.66,7.37,91.49,36.15,68.53
0,33.61,39.62,99.27,67.96,82.83,18.16,77.51
5,94.5,36.22,66.19,75.26,88.7,14.77,10.77
2,77.63,15.01,25.06,46.36,54.54,2.27,20.89
0,42.86,77.88,51.38,92.84,15.26,64.59,74.82
2,47.08,17.19,94.38,96.91,40.86,46.95,25.28
1,42.62,56.96,49.14,72.96,54.07,66.1,68.94
2,82.24,74.64,70.92,10.36,22.3,44.66,78.23
4,3.17,1.67,33.88,59.67,73.48,54.66,60.5
3,18.28,96.27,40.07,64.68,21.92,60.75,23.82
4,98.57,67.15,75.48,78.57,44.98,21.42,60.26
1,71.34,86.84,74.8,45.19,83.07,50.75,25.99
5,99.83,46.62,49.13,60.48,26.41,15.48,80.71
1,28.54,81.02,44.3,62.38,4.31,52.52,29.06
3,18.85,12.17,38.88,43.19,9.4,49.37,86.85
5,94.65,40.41,59.92,68.39,13.37,98.25,66.34
3,64.14,73.39,30.45,81.44,47.59,61.85,31.06
2,59.8,48.12,34.25,13.4,16.65,16.94,9.52
4,29.78,36.94,96.6,89.38,51.71,42.67,53.17
2,85.61,41.92,26.82,4.41,40.39,49.15,27.67
4,98.33,85.53,75.03,74.24,3.51,48.98,56.38
5,74.91,74.53,53.28,24.55,50.93,61.02,61.04
1,19.89,20.34,23.4,57.68,64.37,84.94,53.98
3,19.41,47.27,73.85,84.38,22.3,38.66,88.54
2,66.67,88.77,99.69,20.8,95.17,10.74,54.55
0,74.01,14.15,83.28,99.88,35.75,31.07,22.38
3,67.1,19.93,37.69,74.98,79.59,88.15,67.71
5,15.03,17.29,85.22,46.42,40.84,93.2,29.5
2,43.62,13.61,39.6,37.9,25.58,82.83,65.22
1,76.48,21.78,91.4,34.23,39.13,65.19,10.35
5,27.23,42.51,52.08,63.0,15.76,62.41,41.46
4,53.81,19.16,19.22,28.13,62.91,58.45,14.07
3,99.7,48.43,81.69,61.8,16.1,23.27,83.94
1,29.77,76.65,26.92,7.74,18.83,33.02,50.09
1,28.67,12.47,6.51,79.45,7.52,80.91,78.07
3,26.06,70.12,65.44,72.68,82.21,75.11,2.8
2,47.47,2.25,37.83,23.72,7.77,64.56,20.0
1,43.24,6.61,61.31,4.03,52.07,41.79,20.32
0,47.8,83.1,19.82,57.4,36.7,64.82,12.74
4,24.82,32.17,14.17,56.04,72.75,96.28,51.99
5,22.84,19.21,65.05,9.33,12.55,55.63,47.16
2,58.28,92.45,36.37,23.49,3.65,93.99,48.62
1,99.16,40.69,90.5,80.98,48.83,32.86,73.04
4,30.86,33.28,70.36,13.61,61.62,76.55,12.15
4,77.4,24.19,97.51,28.06,30.58,93.55,27.08
1,10.07,63.57,7.68,28.96,50.17,18.03,78.16
5,9.48,32.75,51.8,34.16,48.95,26.51,21.44
4,58.12,79.32,40.3,48.09,62.81,87.75,11.4
0,42.27,91.11,91.46,66.65,55.52,40.86,11.34
5,88.12,27.82,47.26,94.98,69.81,3.32,48.9
0,62.12,90.06,18.67,95.43,35.25,6.04,4.71
3,10.48,27.45,47.35,57.19,25.09,10.67,66.73
4,98.58,75.18,53.17,66.69,44.61,31.64,29.87
2,87.23,18.32,59.74,5.81,39.85,13.72,29.03
3,14.72,83.51,2.06,9.22,10.91,8.98,80.32
0,21.99,38.12,57.09,8.94,21.66,25.11,39.66
4,6.92,94.09,94.56,56.77,64.37,88.18,41.12
0,42.96,19.02,63.55,50.45,21.48,84.0,30.12
1,19.2,45.17,95.36,60.68,32.99,39.46,4.63
2,40.52,13.76,58.86,24.12,32.51,59.26,31.55
0,41.63,97.55,72.86,48.92,65.58,41.77,62.84
1,36.49,66.38,5.08,51.76,37.15,77.01,43.43
3,34.94,66.01,56.84,45.33,1.38,70.88,4.61
1,95.04,84.83,96.82,78.31,89.39,88.22,56.57
5,83.93,21.68,39.76,55.65,18.41,90.2,41.07
0,44.76,13.03,24.84,55.47,43.91,69.13,67.88
5,99.23,49.32,61.65,45.71,0.51,96.97,54.04
4,28.7,60.41,50.51,66.25,85.97,43.75,58.42
1,87.13,45.78,55.3,27.86,28.27,8.73,22.23
2,86.97,20.36,56.49,41.65,82.63,2.6,25.1
3,10.14,68.8,92.62,73.69,69.02,96.68,5.58
2,18.41,19.51,17.3,26.67,21.42,46.74,35.68
4,69.05,72.02,56.88,3.6,88.68,77.32,64.41
1,2.21,5.84,39.14,65.62,97.84,69.39,49.92
5,36.6,95.71,43.46,85.64,98.8,45.52,43.97
3,10.4,58.48,4.62,38.29,32.38,62.61,62.12
4,46.77,81.8,82.89,54.94,46.52,62.12,83.2
0,57.52,73.54,92.71,93.81,13.94,86.72,63.9
2,80.12,60.25,32.95,12.53,26.48,88.56,75.74
3,48.05,69.16,88.38,55.95,4.51,55.37,22.69
3,27.99,85.28,39.17,4.79,5.04,62.36,53.5
4,93.85,78.09,68.84,56.81,7.99,83.64,73.74
4,14.59,76.97,24.54,80.46,24.85,59.8,65.01
4,8.89,85.1,20.49,22.82,92.92,95.45,78.43
4,48.79,32.87,22.05,15.19,40.67,10.6,81.23
2,43.19,83.71,66.86,65.61,65.77,84.45,84.74
3,90.82,15.3,31.39,19.59,64.4,7.12,25.61
4,95.26,50.7,33.55,96.68,34.3,26.32,53.56
0,47.24,59.58,97.69,91.89,91.19,93.09,47.84
2,95.56,97.03,74.12,12.13,20.06,41.78,38.52
2,68.51,36.87,5.02,24.97,80.65,99.33,40.53
3,2.51,33.96,32.89,15.19,8.67,5.36,6.21
2,70.97,65.26,88.09,15.61,20.38,23.09,68.96
5,34.91,90.35,5.54,53.3,30.26,17.18,20.92
5,86.56,20.51,52.76,56.14,73.64,8.97,30.58
5,13.04,98.32,49.28,29.27,20.04,28.05,29.23
2,89.35,68.22,25.62,83.4,30.72,89.28,7.63
3,56.34,17.18,78.4,66.69,24.25,91.87,12.58
3,12.31,66.81,60.8,93.99,49.41,93.53,43.63
5,31.62,72.93,9.53,91.74,87.83,65.99,66.32
4,5.0,55.11,90.15,96.41,44.05,47.08,60.8
3,95.58,70.37,44.44,13.86,1.35,49.79,39.78
0,55.79,63.62,59.88,16.01,50.66,27.79,26.7
2,18.28,3.56,97.06,70.27,90.94,31.33,13.27
4,91.33,87.78,7.31,81.82,86.29,82.49,39.59
1,57.33,42.67,97.92,35.56,10.53,74.78,25.85
2,16.84,83.6,23.29,39.31,83.47,76.22,48.94
5,18.89,29.58,73.95,15.47,6.27,21.01,62.16
3,49.03,15.88,33.75,98.61,21.82,6.05,21.89
5,75.09,79.94,56.39,33.43,3.81,12.58,87.53
1,80.68,77.73,15.43,41.14,72.79,41.4,43.33
2,62.46,29.21,30.54,60.54,72.22,56.93,46.99
3,21.48,69.29,77.77,47.51,22.3,38.19,45.28
0,21.21,57.0,10.32,94.41,18.2,98.82,44.31
2,6.93,95.91,78.0,59.46,92.7,10.82,35.69
5,88.61,20.83,10.7,48.26,69.11,88.08,61.81
4,94.65,70.39,41.94,6.28,37.18,87.13,37.61
2,36.58,79.38,67.86,36.68,26.26,88.27,17.16
1,36.07,90.86,69.08,74.41,64.16,71.73,51.41
0,83.15,15.73,57.06,51.15,42.45,97.35,51.91
1,98.49,66.32,36.63,79.3,40.74,74.69,73.27
3,77.66,10.72,86.34,38.47,66.2,66.09,41.43
0,3.0,7.44,21.7,34.0,83.64,46.67,58.98
4,33.72,10.22,78.15,21.05,1.7,55.8,76.08
5,51.24,53.76,6.83,10.84,87.73,32.19,8.17
4,77.1,23.57,72.19,59.1,71.43,76.81,50.6
3,89.39,35.22,55.09,68.72,28.45,54.22,63.93
4,91.16,17.03,87.98,32.93,97.35,98.09,79.76
0,9.08,89.47,75.12,44.46,29.28,29.26,32.25
5,72.42,12.74,34.9,61.48,52.3,80.61,74.4
1,80.53,26.49,42.97,33.19,83.49,32.77,74.68
5,6.54,72.89,64.25,37.56,50.89,27.49,72.21
1,39.55,6.91,18.16,20.29,51.37,95.73,14.86
5,51.17,23.03,63.58,13.67,17.08,2.08,36.18
3,41.92,47.53,69.55,81.7,67.78,51.64,68.95
3,75.74,40.2,80.26,20.27,89.03,1.33,51.61
5,86.11,56.0,43.61,68.4,69.99,33.54,59.93
5,71.61,17.68,19.23,6.2,89.94,87.19,31.4
0,26.49,65.26,40.65,76.12,87.75,56.95,8.57
2,79.85,30.06,33.91,30.96,31.38,19.39,67.1
1,47.42,40.41,73.12,98.03,2.82,1.22,81.2
5,64.72,8.68,10.02,71.4,34.5,92.08,15.28
1,50.84,91.96,43.12,12.57,48.54,85.0,57.3
5,68.36,1.17,82.25,8.24,81.05,4.9,36.32
5,51.27,71.45,54.29,64.31,66.98,21.99,12.18
1,66.03,86.75,29.55,16.67,47.6,68.84,38.71
5,37.67,9.23,93.5,26.35,81.16,62.78,10.12
1,74.6,79.05,33.49,66.53,67.61,12.65,79.17
3,1.77,5.07,13.3,52.88,87.62,59.32,50.23
2,69.8,49.96,22.19,28.16,84.43,35.47,25.0
1,28.53,67.93,26.4,45.47,23.76,36.74,49.38
4,60.01,64.17,76.66,3.22,32.56,64.63,62.04
2,41.84,20.9,81.88,54.45,27.61,39.77,63.12
2,73.39,46.28,49.32,15.16,63.63,2.22,73.54
2,74.17,21.86,42.51,12.48,42.78,75.78,75.75
1,83.15,50.46,70.82,92.14,51.92,99.37,79.44
5,96.25,21.43,21.93,63.54,96.86,40.4,61.18
0,62.95,98.3,83.23,89.24,80.22,75.19,8.73
0,29.36,22.69,29.61,41.11,23.74,22.93,38.42
1,7.13,69.11,27.66,89.77,80.84,10.95,74.97
1,17.26,47.31,33.4,40.77,74.41,53.77,48.51
4,17.18,30.17,98.5,2.94,11.28,2.12,56.61
1,58.24,22.81,21.07,96.34,98.73,22.5,26.15
2,98.82,11.1,25.19,28.18,64.33,86.16,87.05
2,34.05,67.04,99.34,42.56,34.6,9.77,60.45
0,49.85,78.96,23.56,77.79,72.45,0.22,56.49
2,89.46,56.45,95.24,91.2,83.89,13.81,83.53
2,99.11,94.95,0.94,97.85,8.7,17.69,42.85
3,51.44,39.19,20.7,17.17,82.09,86.37,55.94
5,10.34,24.35,28.77,48.23,29.5,35.43,49.67
1,64.96,4.16,21.08,52.31,61.37,95.43,67.8
4,76.45,25.96,77.99,21.63,29.19,38.12,24.23
1,18.04,99.41,38.68,14.84,24.39,76.26,54.44
1,80.45,53.56,35.84,0.83,60.36,22.92,9.72
5,79.3,34.23,78.8,97.17,67.35,9.4,83.38
1,87.55,0.38,73.64,32.9,46.48,3.02,36.11
5,18.41,11.21,57.7,89.63,26.93,12.28,18.05
2,32.8,96.01,47.58,14.88,49.75,0.81,25.68
5,66.79,79.28,83.6,56.41,76.75,41.75,48.74
1,29.83,79.19,43.79,32.83,82.69,47.28,7.1
3,75.95,50.96,75.32,69.2,62.92,74.78,74.1
2,35.8,98.99,97.77,48.34,80.37,10.95,79.15
4,88.74,19.93,21.87,38.17,0.21,7.74,84.42
2,68.97,25.5,82.55,59.45,70.46,57.59,22.34
2,15.07,71.99,27.28,63.2,95.09,80.22,58.25
3,41.0,64.91,23.49,59.96,98.59,58.42,47.86
1,23.49,0.46,92.72,31.52,19.07,67.23,13.31
2,71.27,30.83,49.99,37.61,17.16,23.37,79.36
5,84.32,65.34,0.16,67.84,23.22,69.84,63.34
2,32.07,9.0,29.59,94.08,4.2,57.19,14.04
3,26.73,28.44,6.61,29.52,13.89,96.54,53.52
2,96.29,63.06,26.67,43.91,41.23,11.65,15.55
0,25.22,24.58,81.73,9.08,40.97,44.95,88.92
4,56.95,40.91,94.63,40.87,93.38,72.14,43.67
0,92.27,29.4,87.35,48.76,39.32,90.23,65.23
5,70.96,59.62,42.81,57.3,45.86,67.88,73.79
1,54.2,29.46,99.82,17.43,77.3,24.72,13.26
0,67.93,86.36,99.01,41.15,64.37,55.44,81.8
3,33.6,57.5,69.58,44.88,62.98,91.34,18.34
0,90.29,25.35,84.3,41.11,61.83,2.96,37.6
2,86.41,73.05,71.12,42.82,99.33,25.22,21.68
0,19.8,8.79,24.3,46.81,27.74,29.01,46.54
3,84.45,99.73,58.86,8.4,82.16,24.29,8.66
2,7.09,43.89,68.51,52.1,33.98,70.45,62.7
1,72.57,5.38,83.5,65.35,84.52,90.41,15.78
5,31.04,30.53,15.43,30.02,46.6,87.5,19.85
2,12.42,13.79,86.65,79.45,73.98,89.13,62.3
1,52.07,4.55,48.32,35.8,92.61,74.69,14.58
2,57.79,6.81,55.68,23.75,67.4,35.05,50.57
4,4.24,47.85,53.15,29.34,18.58,60.59,27.48
4,57.51,69.64,78.39,54.96,77.2,6.94,29.18
2,88.18,72.14,14.63,55.29,90.06,56.12,56.83
1,5.19,55.53,27.66,46.45,86.16,54.22,31.78
4,43.02,11.07,76.31,48.52,20.35,81.24,36.39
3,26.42,84.04,39.81,48.57,78.09,99.56,27.91
4,57.99,3.33,13.75,7.38,4.77,97.41,58.53
1,9.24,62.59,11.5,32.66,10.93,85.29,3.71
2,34.11,22.14,41.4,4.5,52.85,13.98,40.65
3,5.07,36.62,21.12,64.72,77.61,13.92,70.6
0,50.39,84.92,22.89,41.74,83.39,38.45,49.33
0,36.3,10.93,65.27,27.64,5.06,19.4,36.24
5,16.4,1.78,70.83,4.5,48.98,74.84,31.78
5,76.74,58.13,61.1,41.94,76.77,77.78,17.99
4,59.58,1.86,78.85,26.05,53.31,87.42,36.32
3,2.54,50.87,93.93,8.61,51.22,54.66,51.47
4,1.6,3.9,33.54,37.47,96.29,3.12,5.94
0,58.6,17.63,92.73,46.55,91.72,52.45,53.15
1,48.25,81.4,76.18,72.44,75.03,19.12,52.24
2,39.5,2.47,73.82,94.82,75.06,98.85,18.1
3,11.26,60.25,7.98,58.64,99.42,37.03,78.41
5,29.02,9.77,86.44,57.99,33.13,1.42,10.71
5,49.27,51.97,17.21,9.02,44.76,26.48,3.67
4,55.54,31.21,23.54,64.1,0.04,67.29,33.08
4,90.61,19.15,1.28,52.11,45.33,54.75,0.05
3,89.17,14.83,2.13,51.25,17.91,93.95,51.93
3,56.51,73.28,44.55,6.71,97.78,73.87,26.69
2,47.0,31.67,17.84,34.33,68.81,29.69,58.69
0,48.3,78.55,32.81,71.43,84.96,99.79,31.79
5,98.92,51.85,93.38,76.21,41.93,21.94,44.71
3,44.49,30.43,96.97,77.56,83.95,89.01,52.21
4,79.92,56.7,29.32,20.43,73.37,95.54,22.82
2,87.47,32.26,51.72,87.13,29.9,85.02,84.64
3,30.94,90.21,10.65,65.09,57.63,82.24,59.52
2,88.09,4.34,34.59,60.71,70.24,0.36,64.8
0,96.11,62.82,49.63,68.18,1.92,98.16,5.15
5,41.31,52.75,2.92,64.84,21.5,95.2,54.72
3,59.79,77.05,83.94,44.75,66.55,42.44,43.45
3,44.26,47.26,28.3,25.62,36.45,19.5,20.13
5,35.78,89.55,38.55,94.41,27.7,79.86,16.4
1,74.34,4.93,85.2,80.81,26.12,51.08,21.41
2,2.5,31.4,4.28,80.08,44.47,73.63,86.32
2,6.71,97.12,86.75,76.31,3.11,90.89,67.93
2,90.72,70.61,1.47,89.74,37.35,68.76,43.23
5,75.69,98.93,98.7,64.57,41.35,10.61,32.78
4,17.66,82.86,1.29,73.63,10.43,37.4,48.74
4,28.15,96.29,50.17,30.05,37.02,21.03,60.75
1,88.78,63.76,96.62,77.29,38.04,16.0,40.57
4,84.79,8.07,79.09,36.95,64.29,80.35,73.09
3,69.59,7.13,80.74,6.68,51.32,72.36,35.92
1,93.93,66.13,77.06,6.84,31.31,67.86,89.87
0,79.62,4.86,8.14,62.7,32.38,47.92,18.48
4,67.08,36.28,60.3,42.32,59.46,27.43,75.15
3,17.92,58.82,35.28,45.16,14.62,22.83,53.44
5,8.88,12.08,63.59,12.08,30.69,55.43,75.59
0,32.32,60.4,66.56,53.86,46.14,22.96,31.97
0,40.86,82.56,99.34,36.85,55.97,23.69,21.26
1,69.08,31.4,56.46,99.53,21.99,28.36,36.95
2,15.93,88.08,10.97,34.72,27.73,7.9,19.05
0,1.12,53.61,12.48,6.01,20.43,55.71,68.84
3,86.29,89.2,72.16,90.38,68.68,45.3,52.5
1,64.52,11.74,95.3,33.03,31.19,75.76,34.45
2,27.6,69.62,78.81,1.26,68.7,65.32,37.73
1,10.35,60.39,78.01,80.38,92.69,88.0,52.36
5,59.1,10.95,50.4,76.39,57.36,10.24,6.21
5,96.53,21.83,3.75,55.04,18.11,52.96,59.14
0,11.25,12.52,95.09,63.19,1.52,62.55,89.41
2,98.82,36.47,50.87,11.81,40.92,19.77,28.41
5,35.76,93.6,76.42,8.51,17.83,65.69,75.13
4,51.88,31.25,47.79,28.93,38.37,84.44,13.07
3,83.46,23.81,86.41,8.93,99.63,90.02,28.78
3,15.56,60.03,38.86,95.3,51.42,65.45,69.51
2,32.28,65.79,53.08,85.46,3.57,1.54,0.96
2,63.37,22.25,65.74,4.66,56.67,15.12,61.42
1,57.29,73.07,7.21,2.58,10.67,26.65,27.19
0,32.22,77.48,53.82,9.6,85.58,67.75,29.02
2,78.89,30.55,42.64,89.35,81.55,25.85,88.51
1,4.07,31.84,35.5,35.4,77.0,77.41,27.66
2,19.0,60.29,94.06,36.02,44.12,82.82,22.62
0,9.77,8.81,87.7,29.05,78.7,67.01,0.83
5,35.33,42.04,85.97,43.03,78.29,89.63,83.61
0,93.13,53.11,6.26,94.5,41.78,76.71,34.19
1,99.52,27.25,25.47,34.92,7.57,15.57,36.71
3,4.71,60.65,8.17,7.45,40.2,26.18,10.27
1,48.21,58.62,42.49,77.45,37.79,8.05,10.45
2,50.12,22.63,41.28,68.41,29.9,39.2,51.4
3,42.84,50.38,6.27,66.96,32.74,71.32,11.18
4,52.39,57.0,73.28,98.46,36.54,9.59,31.01
5,94.94,42.66,18.83,46.18,83.17,12.73,39.9
1,83.8,56.02,38.68,57.09,78.36,56.95,30.39
2,5.26,0.93,93.31,30.33,12.7,56.87,76.08
1,85.04,97.79,12.75,45.03,39.27,86.69,79.9
4,16.57,71.46,82.88,98.32,78.96,85.73,26.27
4,41.4,93.09,35.32,91.51,7.84,59.17,63.46
2,52.77,96.41,1.99,9.62,65.21,80.26,13.27
0,84.59,30.04,25.8,42.41,37.24,84.06,66.05
3,10.46,47.96,93.67,83.67,18.28,76.5,3.62
4,9.84,97.62,54.74,26.61,80.55,46.78,2.21
1,95.23,91.82,49.74,26.46,60.18,75.35,16.35
2,18.94,63.11,15.92,35.15,41.76,31.83,68.65
0,42.14,46.7,93.65,3.17,16.48,4.33,22.35
4,66.47,19.84,99.69,49.08,42.5,1.0,36.19
5,86.84,16.82,59.05,88.4,84.16,37.26,1.03
2,23.9,41.76,9.27,68.2,71.58,59.79,24.21
2,19.95,73.87,56.08,52.12,6.91,28.61,14.73
3,90.99,18.41,53.18,91.24,66.41,19.67,57.21
1,56.22,97.5,9.98,78.76,61.44,62.93,70.7
5,48.01,94.9,72.1,23.7,34.3,45.57,87.17
3,39.89,56.75,69.61,79.06,27.24,35.62,62.63
4,1.89,43.37,52.04,66.55,6.35,77.16,30.69
4,54.93,41.16,71.51,13.43,8.91,11.18,8.43
5,15.34,43.74,62.35,70.23,82.74,20.08,69.18
1,6.73,39.6,92.58,36.07,80.49,79.26,43.66
4,27.66,4.3,96.75,95.39,58.19,14.45,29.29
3,56.12,44.56,19.72,37.06,56.17,23.78,1.15
3,66.75,84.44,2.07,75.73,49.04,48.06,56.82
0,94.13,72.04,59.16,51.8,81.59,69.17,34.71
0,2.81,91.03,95.51,29.53,3.05,66.81,44.65
0,48.97,81.28,64.88,2.76,63.05,8.73,33.54
0,1.41,95.19,34.58,49.63,95.24,20.91,75.82
1,90.21,27.16,22.34,3.36,10.88,92.91,30.48
5,17.03,20.05,96.0,4.13,41.72,72.77,12.76
0,38.15,29.19,92.41,38.55,28.9,76.22,2.39
1,75.76,95.12,16.72,88.81,50.49,70.3,70.61
4,89.25,39.26,25.55,25.64,15.9,95.78,72.07
4,45.3,66.64,4.16,9.01,8.06,30.61,64.01
3,32.36,28.15,10.8,29.14,51.68,75.87,56.92
1,4.92,36.87,44.77,77.68,11.13,81.02,18.91
5,51.76,44.03,43.42,61.85,46.31,22.08,77.83
2,51.16,61.39,21.33,4.1,28.29,7.56,82.69
5,64.02,68.08,34.2,61.91,97.71,75.33,39.42
4,71.64,44.71,5.81,20.59,48.23,88.93,11.02
3,73.0,10.21,31.65,16.42,84.8,9.4,3.67
3,78.58,12.87,2.28,49.66,24.58,1.11,77.42
3,64.82,65.66,74.55,74.06,13.48,73.12,75.08
4,95.39,81.5,63.03,22.69,32.32,5.37,8.34
3,0.76,50.37,37.47,80.56,18.14,34.6,72.33
1,10.53,26.71,41.04,16.31,38.86,13.69,61.61
1,16.33,42.01,61.69,59.49,79.18,16.22,58.28
2,47.67,9.46,42.07,66.5,94.8,75.07,53.34
3,22.89,77.91,61.96,89.33,61.15,32.14,67.84
0,1.81,35.05,97.95,55.23,94.24,98.65,39.2
5,66.61,59.8,49.98,94.72,94.53,16.59,86.25
0,30.95,33.78,2.21,36.4,71.83,30.87,66.47
2,60.98,96.08,21.02,82.79,35.75,64.73,21.5
2,91.43,73.79,16.03,85.68,70.74,45.68,53.05
2,36.03,3.8,28.3,76.48,53.42,53.3,53.54
2,32.35,76.22,81.81,57.85,80.04,14.1,65.79
5,86.8,22.3,21.27,52.0,96.31,27.08,52.73
4,9.09,66.94,57.18,35.44,78.78,65.98,56.87
1,76.95,43.77,23.37,45.96,50.29,99.8,63.4
2,52.72,29.51,80.83,31.68,86.28,60.61,63.61
3,24.56,79.43,50.76,89.52,33.59,27.32,59.88
3,99.89,34.52,29.04,94.68,29.3,52.21,80.02
4,61.75,57.45,21.82,43.52,75.2,99.63,35.57
1,17.19,47.88,55.47,40.77,29.21,58.76,69.18
3,96.4,49.9,76.2,81.3,75.32,13.13,4.22
0,5.24,71.73,92.69,80.41,96.39,94.61,62.96
2,25.25,36.18,18.5,39.06,23.72,64.73,32.76
2,50.94,77.13,34.91,85.44,88.74,22.24,34.4
1,20.95,94.17,65.01,24.89,83.94,54.11,30.11
0,46.32,97.98,21.27,59.15,18.84,94.05,4.95
4,95.21,97.98,85.87,2.98,58.4,76.34,11.29
1,94.98,57.3,50.35,21.67,88.12,54.82,37.13
2,91.24,77.53,50.27,58.88,0.34,69.88,1.94
1,35.74,47.39,93.5,60.16,73.53,81.51,76.8
2,0.62,55.16,75.28,11.89,13.51,20.53,35.87
0,11.77,80.14,60.61,38.47,30.99,33.04,65.12
5,73.01,47.5,4.4,0.53,57.87,12.51,1.95
3,96.75,56.29,70.73,70.99,59.04,36.09,22.0
1,28.16,20.9,61.43,67.48,45.59,48.44,57.28
1,84.69,33.45,81.46,85.52,9.39,19.62,1.98
5,12.8,58.29,82.37,72.69,9.23,3.1,70.67
2,99.98,88.95,2.63,44.43,63.83,68.65,4.77
1,74.01,89.43,14.61,19.54,3.91,91.64,82.69
3,67.06,83.45,17.78,80.7,37.76,19.8,84.05
3,10.09,35.57,26.17,73.73,10.31,99.06,33.38
4,15.93,17.15,26.92,66.36,32.16,1.88,81.83
3,50.94,6.97,41.38,56.12,3.25,27.78,17.55
5,5.71,38.69,33.29,83.09,15.41,38.57,11.02
3,83.4,3.44,46.96,96.13,77.68,21.12,27.32
0,33.93,79.86,56.27,62.4,56.01,49.53,65.74
5,48.6,11.99,85.07,4.06,39.83,80.48,86.66
1,50.6,34.55,84.89,29.86,57.3,36.7,86.09
3,64.89,96.5,87.1,89.42,94.17,28.78,26.16
1,74.03,38.74,21.8,48.41,11.18,59.6,7.16
1,61.92,55.8,41.84,73.48,20.76,15.05,20.84
1,14.62,44.55,35.03,47.02,6.28,38.29,21.46
4,67.43,48.93,81.09,0.95,45.91,13.54,58.66
2,31.84,52.94,92.05,46.64,31.43,73.01,45.99
0,91.55,0.15,29.4,95.32,84.1,6.4,35.67
1,66.98,88.69,31.11,99.19,42.06,86.14,6.78
2,3.38,70.43,0.13,86.57,60.26,46.85,65.5
5,85.81,87.19,13.22,56.9,42.88,47.55,12.61
4,60.88,50.01,67.93,60.89,46.84,4.46,16.9
0,22.6,21.36,89.37,46.97,58.0,52.9,21.22
3,46.42,16.75,62.41,73.85,59.88,52.94,1.89
0,27.6,27.18,20.96,62.29,46.48,78.77,77.13
3,41.79,81.03,96.61,17.68,98.04,22.98,72.9
5,94.21,61.1,14.58,15.35,2.03,11.1,21.09
3,95.99,53.1,52.4,30.51,93.41,70.19,79.88
2,95.66,44.41,69.42,51.64,26.2,48.36,7.15
4,0.55,93.18,58.79,33.18,70.26,17.21,76.68
2,27.38,5.66,88.19,63.09,40.5,18.04,5.49
3,85.04,6.17,69.52,70.4,6.34,93.68,78.48
1,86.76,12.15,64.42,13.71,39.17,72.3,40.13
1,93.46,89.58,96.57,70.78,47.31,33.43,50.17
4,96.14,1.72,47.9,64.85,84.56,39.3,22.41
0,71.41,1.69,63.25,28.72,18.13,51.17,46.32
3,90.26,75.57,27.76,45.25,93.14,15.97,79.02
0,19.52,73.19,2.62,67.35,46.09,20.71,82.51
5,8.27,2.9,47.14,45.06,6.51,53.41,53.73
3,88.62,98.86,63.06,32.76,91.92,87.12,22.04
4,33.01,8.0,58.34,12.4,84.17,8.35,47.75
3,79.4,32.44,8.31,11.28,44.58,6.1,24.52
1,98.03,33.01,86.45,24.22,63.04,76.22,44.39
4,80.39,78.81,34.81,25.42,35.59,89.08,48.1
4,14.52,3.99,97.07,43.5,56.41,88.24,20.0
4,61.07,12.03,43.67,58.52,20.12,51.16,33.13
2,28.76,72.26,56.41,69.39,63.79,38.32,33.2
3,73.2,98.25,4.71,49.09,82.71,63.17,58.47
3,25.85,79.81,76.6,37.35,16.4,31.75,54.91
1,38.18,74.79,75.27,43.71,14.14,60.36,53.54
4,48.01,79.99,90.92,76.35,72.04,43.5,28.51
1,83.38,79.24,54.06,96.35,0.06,36.4,76.14
2,44.97,37.24,77.97,45.66,28.56,68.83,15.2
3,22.09,60.21,3.84,84.34,6.56,16.52,43.1
0,98.64,23.63,38.07,8.2,65.5,33.39,59.41
3,6.64,21.42,87.54,22.07,91.28,19.9,7.7
1,7.44,62.7,4.03,83.61,6.06,38.69,62.09
4,30.43,35.79,57.52,25.46,93.02,2.63,77.66
1,43.74,56.76,69.63,15.17,99.93,45.87,68.19
5,94.63,72.88,36.95,32.93,73.97,44.2,54.98
2,77.91,24.58,21.6,48.85,64.43,18.88,73.0
0,95.53,93.58,82.46,44.18,37.82,4.45,70.58
2,62.34,39.8,30.73,24.74,29.85,40.06,22.19
5,92.65,25.74,75.58,84.38,31.96,63.0,44.88
1,53.85,23.24,56.26,40.23,63.01,19.68,55.08
0,95.12,48.03,96.24,50.87,18.67,89.33,45.13
4,90.36,4.18,28.03,12.76,76.91,75.91,88.22
2,3.32,90.68,46.61,62.93,9.27,62.22,72.91
2,72.07,75.05,3.03,2.16,54.46,14.01,58.85
3,36.69,74.56,27.67,23.49,65.62,45.12,17.68
1,87.22,64.0,44.41,2.81,78.7,96.57,1.6
1,91.61,78.14,5.5,0.85,77.51,79.03,76.49
4,43.56,18.13,53.78,19.61,81.29,40.91,30.18
5,68.05,60.42,52.52,58.77,31.71,98.15,53.83
1,20.07,60.0,59.34,97.36,61.2,56.16,58.37
2,65.96,65.04,14.53,8.37,1.26,83.0,86.61
3,86.04,18.0,87.01,61.6,56.35,79.08,5.49
3,74.26,21.46,18.49,81.72,37.41,91.78,4.52
1,37.91,38.06,54.14,42.91,68.87,84.43,48.64
3,14.81,96.83,82.39,81.92,1.39,25.67,59.16
2,91.96,26.14,80.31,70.86,28.45,15.75,8.99
2,62.92,24.64,5.17,86.03,9.5,8.55,9.15
1,35.2,70.4,95.89,20.85,14.69,43.21,7.59
3,67.51,95.92,2.05,42.56,5.94,79.91,20.17
2,65.08,32.35,13.36,50.34,71.89,3.58,74.77
2,11.95,53.81,0.29,80.99,92.02,79.27,53.82
5,10.6,3.13,38.68,0.38,0.48,24.38,35.81
3,46.26,54.64,87.22,96.94,49.64,45.49,59.77
2,96.13,51.64,4.23,7.62,59.73,2.81,45.55
5,67.22,70.43,13.35,25.65,56.9,68.36,82.32
4,11.73,17.14,75.3,57.52,82.43,66.53,16.21
2,42.67,54.53,69.22,32.78,48.4,11.45,4.2
1,21.8,93.27,44.31,19.65,65.98,22.27,76.9
2,4.63,94.2,91.89,6.68,80.66,78.64,2.34
3,56.95,84.94,18.64,11.78,47.71,67.16,34.73
5,25.65,48.28,35.89,83.82,86.02,64.45,3.85
