0.000000000000000000e+00
1.339712918660294072e+00
2.679425837320572601e+00
4.019138755980867117e+00
5.358851674641145202e+00
6.698564593301439274e+00
8.038277511961718247e+00
9.377990430622011431e+00
1.071770334928229040e+01
1.205741626794258536e+01
1.339712918660287855e+01
1.473684210526315752e+01
1.607655502392345070e+01
1.741626794258372968e+01
1.875598086124402286e+01
2.009569377990430183e+01
2.143540669856459502e+01
2.277511961722487399e+01
2.411483253588517073e+01
2.545454545454546391e+01
2.679425837320574288e+01
2.813397129186601830e+01
2.947368421052631504e+01
3.081339712918660823e+01
3.215311004784688720e+01
3.349282296650718393e+01
3.483253588516745936e+01
3.617224880382775609e+01
3.751196172248804572e+01
3.885167464114832825e+01
4.019138755980860367e+01
4.153110047846890041e+01
4.287081339712919004e+01
4.421052631578947256e+01
4.555023923444974798e+01
4.688995215311004472e+01
4.822966507177034146e+01
4.956937799043063109e+01
5.090909090909091361e+01
5.224880382775118903e+01
5.358851674641148577e+01
5.492822966507177540e+01
5.626794258373205793e+01
5.760765550239233335e+01
5.894736842105263008e+01
6.028708133971291971e+01
6.162679425837321645e+01
6.296650717703349187e+01
6.430622009569377440e+01
6.564593301435407113e+01
6.698564593301436787e+01
6.832535885167463618e+01
6.966507177033491871e+01
7.100478468899521545e+01
7.234449760765551218e+01
7.368421052631578050e+01
7.502392344497607723e+01
7.636363636363635976e+01
7.770334928229665650e+01
7.904306220095692481e+01
8.038277511961722155e+01
8.172248803827751829e+01
8.306220095693780081e+01
8.440191387559809755e+01
8.574162679425836586e+01
8.708133971291866260e+01
8.842105263157894512e+01
8.976076555023924186e+01
9.110047846889951018e+01
9.244019138755980691e+01
9.377990430622010365e+01
9.511961722488038617e+01
9.645933014354068291e+01
9.779904306220095123e+01
9.913875598086124796e+01
1.004784688995215305e+02
1.018181818181818272e+02
1.031578947368420955e+02
1.044976076555023923e+02
1.058373205741626748e+02
1.071770334928229715e+02
1.085167464114832541e+02
1.098564593301435366e+02
1.111961722488038333e+02
1.125358851674641159e+02
1.138755980861243984e+02
1.152153110047846809e+02
1.165550239234449776e+02
1.178947368421052602e+02
1.192344497607655569e+02
1.205741626794258394e+02
1.219138755980861220e+02
1.232535885167464187e+02
1.245933014354067012e+02
1.259330143540669837e+02
1.272727272727272663e+02
1.286124401913875488e+02
1.299521531100478455e+02
1.312918660287081423e+02
1.326315789473684106e+02
1.339712918660287073e+02
1.353110047846890041e+02
1.366507177033492724e+02
1.379904306220095691e+02
1.393301435406698658e+02
1.393301435406698658e+02
1.379904306220095691e+02
1.366507177033492724e+02
1.353110047846889756e+02
1.339712918660287357e+02
1.326315789473684390e+02
1.312918660287081423e+02
1.299521531100478455e+02
1.286124401913875488e+02
1.272727272727272805e+02
1.259330143540669837e+02
1.245933014354067012e+02
1.232535885167464045e+02
1.219138755980861362e+02
1.205741626794258394e+02
1.192344497607655569e+02
1.178947368421052602e+02
1.165550239234449634e+02
1.152153110047846951e+02
1.138755980861243984e+02
1.125358851674641159e+02
1.111961722488038191e+02
1.098564593301435508e+02
1.085167464114832541e+02
1.071770334928229715e+02
1.058373205741626748e+02
1.044976076555023781e+02
1.031578947368421098e+02
1.018181818181818272e+02
1.004784688995215305e+02
9.913875598086123375e+01
9.779904306220096544e+01
9.645933014354068291e+01
9.511961722488038617e+01
9.377990430622008944e+01
9.244019138755979270e+01
9.110047846889952439e+01
8.976076555023924186e+01
8.842105263157894512e+01
8.708133971291864839e+01
8.574162679425838007e+01
8.440191387559809755e+01
8.306220095693780081e+01
8.172248803827750407e+01
8.038277511961723576e+01
7.904306220095693902e+01
7.770334928229665650e+01
7.636363636363635976e+01
7.502392344497606302e+01
7.368421052631579471e+01
7.234449760765551218e+01
7.100478468899521545e+01
6.966507177033491871e+01
6.832535885167465040e+01
6.698564593301436787e+01
6.564593301435407113e+01
6.430622009569377440e+01
6.296650717703347766e+01
6.162679425837321645e+01
6.028708133971291971e+01
5.894736842105263008e+01
5.760765550239233335e+01
5.626794258373207214e+01
5.492822966507177540e+01
5.358851674641148577e+01
5.224880382775118903e+01
5.090909090909089230e+01
4.956937799043063109e+01
4.822966507177034146e+01
4.688995215311004472e+01
4.555023923444974798e+01
4.421052631578948677e+01
4.287081339712919004e+01
4.153110047846890041e+01
4.019138755980860367e+01
3.885167464114830693e+01
3.751196172248804572e+01
3.617224880382775609e+01
3.483253588516745936e+01
3.349282296650716262e+01
3.215311004784690141e+01
3.081339712918660823e+01
2.947368421052631504e+01
2.813397129186601830e+01
2.679425837320575710e+01
2.545454545454546391e+01
2.411483253588517073e+01
2.277511961722487399e+01
2.143540669856458081e+01
2.009569377990431605e+01
1.875598086124402286e+01
1.741626794258372968e+01
1.607655502392343649e+01
1.473684210526317173e+01
1.339712918660287855e+01
1.205741626794258536e+01
1.071770334928229040e+01
9.377990430621995444e+00
8.038277511961734234e+00
6.698564593301439274e+00
5.358851674641145202e+00
4.019138755980851130e+00
2.679425837320588144e+00
1.339712918660294072e+00
0.000000000000000000e+00
0.000000000000000000e+00
1.339712918660294072e+00
2.679425837320572601e+00
4.019138755980867117e+00
5.358851674641145202e+00
6.698564593301439274e+00
8.038277511961718247e+00
9.377990430622011431e+00
1.071770334928229040e+01
1.205741626794258536e+01
1.339712918660287855e+01
1.473684210526315752e+01
1.607655502392345070e+01
1.741626794258372968e+01
1.875598086124402286e+01
2.009569377990430183e+01
2.143540669856459502e+01
2.277511961722487399e+01
2.411483253588517073e+01
2.545454545454546391e+01
2.679425837320574288e+01
2.813397129186601830e+01
2.947368421052631504e+01
3.081339712918660823e+01
3.215311004784688720e+01
3.349282296650718393e+01
3.483253588516745936e+01
3.617224880382775609e+01
3.751196172248804572e+01
3.885167464114832825e+01
4.019138755980860367e+01
4.153110047846890041e+01
4.287081339712919004e+01
4.421052631578947256e+01
4.555023923444974798e+01
4.688995215311004472e+01
4.822966507177034146e+01
4.956937799043063109e+01
5.090909090909091361e+01
5.224880382775118903e+01
5.358851674641148577e+01
5.492822966507177540e+01
5.626794258373205793e+01
5.760765550239233335e+01
5.894736842105263008e+01
6.028708133971291971e+01
6.162679425837321645e+01
6.296650717703349187e+01
6.430622009569377440e+01
6.564593301435407113e+01
6.698564593301436787e+01
6.832535885167463618e+01
6.966507177033491871e+01
7.100478468899521545e+01
7.234449760765551218e+01
7.368421052631578050e+01
7.502392344497607723e+01
7.636363636363635976e+01
7.770334928229665650e+01
7.904306220095692481e+01
8.038277511961722155e+01
8.172248803827751829e+01
8.306220095693780081e+01
8.440191387559809755e+01
8.574162679425836586e+01
8.708133971291866260e+01
8.842105263157894512e+01
8.976076555023924186e+01
9.110047846889951018e+01
9.244019138755980691e+01
9.377990430622010365e+01
9.511961722488038617e+01
9.645933014354068291e+01
9.779904306220095123e+01
9.913875598086124796e+01
1.004784688995215305e+02
1.018181818181818272e+02
1.031578947368420955e+02
1.044976076555023923e+02
1.058373205741626748e+02
1.071770334928229715e+02
1.085167464114832541e+02
1.098564593301435366e+02
1.111961722488038333e+02
1.125358851674641159e+02
1.138755980861243984e+02
1.152153110047846809e+02
1.165550239234449776e+02
1.178947368421052602e+02
1.192344497607655569e+02
1.205741626794258394e+02
1.219138755980861220e+02
1.232535885167464187e+02
1.245933014354067012e+02
1.259330143540669837e+02
1.272727272727272663e+02
1.286124401913875488e+02
1.299521531100478455e+02
1.312918660287081423e+02
1.326315789473684106e+02
1.339712918660287073e+02
1.353110047846890041e+02
1.366507177033492724e+02
1.379904306220095691e+02
1.393301435406698658e+02
1.393301435406698658e+02
1.379904306220095691e+02
1.366507177033492724e+02
1.353110047846889756e+02
1.339712918660287357e+02
1.326315789473684390e+02
1.312918660287081423e+02
1.299521531100478455e+02
1.286124401913875488e+02
1.272727272727272805e+02
1.259330143540669837e+02
1.245933014354067012e+02
1.232535885167464045e+02
1.219138755980861362e+02
1.205741626794258394e+02
1.192344497607655569e+02
1.178947368421052602e+02
1.165550239234449634e+02
1.152153110047846951e+02
1.138755980861243984e+02
1.125358851674641159e+02
1.111961722488038191e+02
1.098564593301435508e+02
1.085167464114832541e+02
1.071770334928229715e+02
1.058373205741626748e+02
1.044976076555023781e+02
1.031578947368421098e+02
1.018181818181818272e+02
1.004784688995215305e+02
9.913875598086123375e+01
9.779904306220096544e+01
9.645933014354068291e+01
9.511961722488038617e+01
9.377990430622008944e+01
9.244019138755979270e+01
9.110047846889952439e+01
8.976076555023924186e+01
8.842105263157894512e+01
8.708133971291864839e+01
8.574162679425838007e+01
8.440191387559809755e+01
8.306220095693780081e+01
8.172248803827750407e+01
8.038277511961723576e+01
7.904306220095693902e+01
7.770334928229665650e+01
7.636363636363635976e+01
7.502392344497606302e+01
7.368421052631579471e+01
7.234449760765551218e+01
7.100478468899521545e+01
6.966507177033491871e+01
6.832535885167465040e+01
6.698564593301436787e+01
6.564593301435407113e+01
6.430622009569377440e+01
6.296650717703347766e+01
6.162679425837321645e+01
6.028708133971291971e+01
5.894736842105263008e+01
5.760765550239233335e+01
5.626794258373207214e+01
5.492822966507177540e+01
5.358851674641148577e+01
5.224880382775118903e+01
5.090909090909089230e+01
4.956937799043063109e+01
4.822966507177034146e+01
4.688995215311004472e+01
4.555023923444974798e+01
4.421052631578948677e+01
4.287081339712919004e+01
4.153110047846890041e+01
4.019138755980860367e+01
3.885167464114830693e+01
3.751196172248804572e+01
3.617224880382775609e+01
3.483253588516745936e+01
3.349282296650716262e+01
3.215311004784690141e+01
3.081339712918660823e+01
2.947368421052631504e+01
2.813397129186601830e+01
2.679425837320575710e+01
2.545454545454546391e+01
2.411483253588517073e+01
2.277511961722487399e+01
2.143540669856458081e+01
2.009569377990431605e+01
1.875598086124402286e+01
1.741626794258372968e+01
1.607655502392343649e+01
1.473684210526317173e+01
1.339712918660287855e+01
1.205741626794258536e+01
1.071770334928229040e+01
9.377990430621995444e+00
8.038277511961734234e+00
6.698564593301439274e+00
5.358851674641145202e+00
4.019138755980851130e+00
2.679425837320588144e+00
1.339712918660294072e+00
0.000000000000000000e+00
